Graph: 
0 0 0 61 0 0 74 0 85 0 0 0 
0 0 0 0 30 61 0 0 0 0 97 0 
0 0 0 0 32 0 0 71 74 0 0 0 
0 80 0 0 74 0 0 0 33 0 0 0 
0 0 0 0 0 67 0 82 0 0 74 0 
0 0 0 31 0 0 0 17 0 0 0 0 
0 74 0 0 0 0 0 0 0 69 0 0 
0 0 0 28 0 0 0 0 0 75 0 0 
0 0 0 0 0 0 0 0 0 0 98 58 
11 0 0 0 0 0 0 0 81 0 0 0 
0 0 96 0 0 0 0 109 0 0 0 0 
0 26 0 0 0 0 0 0 0 84 0 0 

Number of Nodes:	12
Number of Edges:	29
*************************************************************************************************
After PreflowPush: 

0 0 0 0 0 0 0 0 11 -11 0 0 
0 0 0 -75 20 0 0 0 0 0 55 0 
0 0 0 0 5 0 0 5 74 0 -84 0 
0 75 0 0 74 0 0 0 33 0 0 0 
0 -20 -5 -74 0 12 0 58 0 0 29 0 
0 0 0 0 -12 0 0 12 0 0 0 0 
0 0 0 0 0 0 0 0 0 0 0 0 
0 0 -5 0 -58 -12 0 0 0 75 0 0 
-11 0 -74 -33 0 0 0 0 0 -64 0 0 
11 0 0 0 0 0 0 -75 64 0 0 0 
0 -55 84 0 -29 0 0 0 0 0 0 0 
0 0 0 0 0 0 0 0 0 0 0 0 
start: 43362508819532 end: 43362547177599 microseconds: 38358
Flow: 182
expected run time: 24389

*************************************************************************************************

Augmenting Path

bot: 33
flow: 33
0 0 0 0 0 0 0 0 0 0 0 0 
0 0 0 0 0 0 0 0 0 0 0 0 
0 0 0 0 0 0 0 0 0 0 0 0 
0 0 0 0 0 0 0 0 33 0 0 0 
0 0 0 0 0 0 0 0 0 0 0 0 
0 0 0 0 0 0 0 0 0 0 0 0 
0 0 0 0 0 0 0 0 0 0 0 0 
0 0 0 0 0 0 0 0 0 0 0 0 
0 0 0 0 0 0 0 0 0 0 0 0 
0 0 0 0 0 0 0 0 0 0 0 0 
0 0 0 0 0 0 0 0 0 0 0 0 
0 0 0 0 0 0 0 0 0 0 0 0 
bot: 74
flow: 107
0 0 0 0 0 0 0 0 0 0 0 0 
0 0 0 0 0 0 0 0 0 0 74 0 
0 0 0 0 0 0 0 0 74 0 0 0 
0 74 0 0 0 0 0 0 33 0 0 0 
0 0 0 0 0 0 0 0 0 0 0 0 
0 0 0 0 0 0 0 0 0 0 0 0 
0 0 0 0 0 0 0 0 0 0 0 0 
0 0 0 0 0 0 0 0 0 0 0 0 
0 0 0 0 0 0 0 0 0 0 0 0 
0 0 0 0 0 0 0 0 0 0 0 0 
0 0 74 0 0 0 0 0 0 0 0 0 
0 0 0 0 0 0 0 0 0 0 0 0 
bot: 74
flow: 181
0 0 0 0 0 0 0 0 0 0 0 0 
0 0 0 0 0 0 0 0 0 0 74 0 
0 0 0 0 0 0 0 0 74 0 0 0 
0 74 0 0 74 0 0 0 33 0 0 0 
0 0 0 0 0 0 0 74 0 0 0 0 
0 0 0 0 0 0 0 0 0 0 0 0 
0 0 0 0 0 0 0 0 0 0 0 0 
0 0 0 0 0 0 0 0 0 74 0 0 
0 0 0 0 0 0 0 0 0 0 0 0 
0 0 0 0 0 0 0 0 74 0 0 0 
0 0 74 0 0 0 0 0 0 0 0 0 
0 0 0 0 0 0 0 0 0 0 0 0 
bot: 1
flow: 182
0 0 0 0 0 0 0 0 0 0 0 0 
0 0 0 0 1 0 0 0 0 0 74 0 
0 0 0 0 0 0 0 0 74 0 0 0 
0 75 0 0 74 0 0 0 33 0 0 0 
0 0 0 0 0 0 0 75 0 0 0 0 
0 0 0 0 0 0 0 0 0 0 0 0 
0 0 0 0 0 0 0 0 0 0 0 0 
0 0 0 0 0 0 0 0 0 75 0 0 
0 0 0 0 0 0 0 0 0 0 0 0 
0 0 0 0 0 0 0 0 75 0 0 0 
0 0 74 0 0 0 0 0 0 0 0 0 
0 0 0 0 0 0 0 0 0 0 0 0 

After AugPath:


0 0 0 0 0 0 0 0 0 0 0 0 
0 0 0 0 1 0 0 0 0 0 74 0 
0 0 0 0 0 0 0 0 74 0 0 0 
0 75 0 0 74 0 0 0 33 0 0 0 
0 0 0 0 0 0 0 75 0 0 0 0 
0 0 0 0 0 0 0 0 0 0 0 0 
0 0 0 0 0 0 0 0 0 0 0 0 
0 0 0 0 0 0 0 0 0 75 0 0 
0 0 0 0 0 0 0 0 0 0 0 0 
0 0 0 0 0 0 0 0 75 0 0 0 
0 0 74 0 0 0 0 0 0 0 0 0 
0 0 0 0 0 0 0 0 0 0 0 0 
start: 43362552470679 end: 43362576120027 microseconds: 23649
Flow: 182
expected run time: 10092

*************************************************************************************************

