Graph: 
0 0 0 0 0 83 0 0 0 0 54 0 0 0 
0 0 79 43 0 0 0 0 0 0 0 0 0 0 
0 0 0 51 0 0 0 0 83 0 0 0 0 0 
0 0 0 0 83 0 0 42 0 0 0 0 0 0 
33 0 0 0 0 0 0 45 0 0 0 0 0 0 
0 0 0 0 90 0 0 0 0 0 108 0 0 0 
72 0 0 0 82 0 0 0 0 0 0 0 0 0 
0 0 0 0 0 0 38 0 65 0 0 0 0 0 
0 0 0 0 0 0 0 0 0 0 115 102 0 0 
0 0 77 0 0 0 0 0 0 0 0 0 75 0 
0 91 85 0 0 0 0 0 0 0 0 0 0 0 
0 0 0 0 86 0 0 0 0 0 0 0 0 0 
0 0 0 0 0 0 0 0 0 0 74 0 0 0 
63 0 0 0 0 0 0 0 0 0 0 0 0 0 

Number of Nodes:	14
Number of Edges:	25
*************************************************************************************************
After PreflowPush: 

0 0 0 0 -33 71 -38 0 0 0 0 0 0 0 
0 0 33 0 0 0 0 0 0 0 -33 0 0 0 
0 -33 0 33 0 0 0 0 0 0 0 0 0 0 
0 0 -33 0 33 0 0 0 0 0 0 0 0 0 
33 0 0 -33 0 0 0 0 0 0 0 0 0 0 
-71 0 0 0 0 0 0 0 0 0 0 0 0 0 
38 0 0 0 0 0 0 -38 0 0 0 0 0 0 
0 0 0 0 0 0 38 0 33 0 0 0 0 0 
0 0 0 0 0 0 0 -33 0 0 33 0 0 0 
0 0 0 0 0 0 0 0 0 0 0 0 0 0 
0 33 0 0 0 0 0 0 -33 0 0 0 0 0 
0 0 0 0 0 0 0 0 0 0 0 0 0 0 
0 0 0 0 0 0 0 0 0 0 0 0 0 0 
0 0 0 0 0 0 0 0 0 0 0 0 0 0 
start: 43136110444589 end: 43136110432123 microseconds: 12466
Flow: 71
expected run time: 15625

*************************************************************************************************

Augmenting Path

bot: 38
flow: 38
0 0 0 0 0 38 0 0 0 0 0 0 0 0 
0 0 0 0 0 0 0 0 0 0 0 0 0 0 
0 0 0 0 0 0 0 0 0 0 0 0 0 0 
0 0 0 0 0 0 0 0 0 0 0 0 0 0 
0 0 0 0 0 0 0 0 0 0 0 0 0 0 
0 0 0 0 0 0 0 0 0 0 0 0 0 0 
38 0 0 0 0 0 0 0 0 0 0 0 0 0 
0 0 0 0 0 0 38 0 0 0 0 0 0 0 
0 0 0 0 0 0 0 0 0 0 0 0 0 0 
0 0 0 0 0 0 0 0 0 0 0 0 0 0 
0 0 0 0 0 0 0 0 0 0 0 0 0 0 
0 0 0 0 0 0 0 0 0 0 0 0 0 0 
0 0 0 0 0 0 0 0 0 0 0 0 0 0 
0 0 0 0 0 0 0 0 0 0 0 0 0 0 
bot: 33
flow: 71
0 0 0 0 0 71 0 0 0 0 0 0 0 0 
0 0 0 0 0 0 0 0 0 0 0 0 0 0 
0 0 0 0 0 0 0 0 0 0 0 0 0 0 
0 0 0 0 0 0 0 0 0 0 0 0 0 0 
33 0 0 0 0 0 0 0 0 0 0 0 0 0 
0 0 0 0 0 0 0 0 0 0 0 0 0 0 
38 0 0 0 0 0 0 0 0 0 0 0 0 0 
0 0 0 0 0 0 38 0 33 0 0 0 0 0 
0 0 0 0 0 0 0 0 0 0 0 33 0 0 
0 0 0 0 0 0 0 0 0 0 0 0 0 0 
0 0 0 0 0 0 0 0 0 0 0 0 0 0 
0 0 0 0 33 0 0 0 0 0 0 0 0 0 
0 0 0 0 0 0 0 0 0 0 0 0 0 0 
0 0 0 0 0 0 0 0 0 0 0 0 0 0 

After AugPath:


0 0 0 0 0 71 0 0 0 0 0 0 0 0 
0 0 0 0 0 0 0 0 0 0 0 0 0 0 
0 0 0 0 0 0 0 0 0 0 0 0 0 0 
0 0 0 0 0 0 0 0 0 0 0 0 0 0 
33 0 0 0 0 0 0 0 0 0 0 0 0 0 
0 0 0 0 0 0 0 0 0 0 0 0 0 0 
38 0 0 0 0 0 0 0 0 0 0 0 0 0 
0 0 0 0 0 0 38 0 33 0 0 0 0 0 
0 0 0 0 0 0 0 0 0 0 0 33 0 0 
0 0 0 0 0 0 0 0 0 0 0 0 0 0 
0 0 0 0 0 0 0 0 0 0 0 0 0 0 
0 0 0 0 33 0 0 0 0 0 0 0 0 0 
0 0 0 0 0 0 0 0 0 0 0 0 0 0 
0 0 0 0 0 0 0 0 0 0 0 0 0 0 
start: 43136237638736 end: 43136251780594 microseconds: 14141
Flow: 71
expected run time: 8750

*************************************************************************************************

