Graph: 
0 0 0 0 59 54 0 0 0 0 65 0 0 0 0 
0 0 37 0 65 39 0 0 0 0 0 0 0 0 0 
0 0 0 84 0 0 0 0 0 84 0 0 0 0 0 
0 59 0 0 0 0 0 64 0 0 0 0 0 0 0 
0 0 42 0 0 0 0 0 0 78 0 0 0 0 0 
0 0 0 34 0 0 0 0 0 0 0 0 73 0 0 
0 0 0 88 0 0 0 0 0 0 0 0 26 0 0 
78 0 0 0 0 0 0 0 99 0 0 0 0 0 0 
60 0 0 0 0 0 0 0 0 0 0 34 0 0 0 
0 0 0 0 0 39 0 0 0 0 0 0 0 111 0 
0 0 0 60 0 0 0 0 0 0 0 0 0 0 0 
0 0 0 0 0 0 0 0 0 75 0 0 0 43 0 
0 0 0 0 0 0 0 0 0 102 77 0 0 0 0 
81 0 0 0 0 0 77 0 0 0 0 0 0 0 0 
0 0 0 0 0 0 0 0 94 0 0 0 0 89 0 

Number of Nodes:	15
Number of Edges:	31
*************************************************************************************************
After PreflowPush: 

0 0 0 0 25 52 0 -29 -60 0 12 0 0 0 0 
0 0 0 -59 0 0 0 0 0 0 0 0 0 0 0 
0 0 0 2 -2 0 0 0 0 0 0 0 0 0 0 
0 59 -2 0 0 -32 -77 64 0 0 -12 0 0 0 0 
-25 0 2 0 0 0 0 0 0 23 0 0 0 0 0 
-52 0 0 32 0 0 0 0 0 0 0 0 20 0 0 
0 0 0 77 0 0 0 0 0 0 0 0 0 -77 0 
29 0 0 -64 0 0 0 0 94 0 0 0 0 0 0 
60 0 0 0 0 0 0 -94 0 0 0 34 0 0 0 
0 0 0 0 -23 0 0 0 0 0 0 0 -20 43 0 
-12 0 0 12 0 0 0 0 0 0 0 0 0 0 0 
0 0 0 0 0 0 0 0 -34 0 0 0 0 34 0 
0 0 0 0 0 -20 0 0 0 20 0 0 0 0 0 
0 0 0 0 0 0 77 0 0 -43 0 -34 0 0 0 
0 0 0 0 0 0 0 0 0 0 0 0 0 0 0 
start: 43304880573172 end: 43304929689339 microseconds: 49116
Flow: 59
expected run time: 29791

*************************************************************************************************

Augmenting Path

bot: 34
flow: 34
0 0 0 0 0 34 0 0 0 0 0 0 0 0 0 
0 0 0 0 0 0 0 0 0 0 0 0 0 0 0 
0 0 0 0 0 0 0 0 0 0 0 0 0 0 0 
0 34 0 0 0 0 0 0 0 0 0 0 0 0 0 
0 0 0 0 0 0 0 0 0 0 0 0 0 0 0 
0 0 0 34 0 0 0 0 0 0 0 0 0 0 0 
0 0 0 0 0 0 0 0 0 0 0 0 0 0 0 
34 0 0 0 0 0 0 0 0 0 0 0 0 0 0 
0 0 0 0 0 0 0 0 0 0 0 0 0 0 0 
0 0 0 0 0 0 0 0 0 0 0 0 0 0 0 
0 0 0 0 0 0 0 0 0 0 0 0 0 0 0 
0 0 0 0 0 0 0 0 0 0 0 0 0 0 0 
0 0 0 0 0 0 0 0 0 0 0 0 0 0 0 
0 0 0 0 0 0 0 0 0 0 0 0 0 0 0 
0 0 0 0 0 0 0 0 0 0 0 0 0 0 0 
bot: 25
flow: 59
0 0 0 0 0 34 0 0 0 0 25 0 0 0 0 
0 0 0 0 0 0 0 0 0 0 0 0 0 0 0 
0 0 0 0 0 0 0 0 0 0 0 0 0 0 0 
0 59 0 0 0 0 0 0 0 0 0 0 0 0 0 
0 0 0 0 0 0 0 0 0 0 0 0 0 0 0 
0 0 0 34 0 0 0 0 0 0 0 0 0 0 0 
0 0 0 0 0 0 0 0 0 0 0 0 0 0 0 
59 0 0 0 0 0 0 0 0 0 0 0 0 0 0 
0 0 0 0 0 0 0 0 0 0 0 0 0 0 0 
0 0 0 0 0 0 0 0 0 0 0 0 0 0 0 
0 0 0 25 0 0 0 0 0 0 0 0 0 0 0 
0 0 0 0 0 0 0 0 0 0 0 0 0 0 0 
0 0 0 0 0 0 0 0 0 0 0 0 0 0 0 
0 0 0 0 0 0 0 0 0 0 0 0 0 0 0 
0 0 0 0 0 0 0 0 0 0 0 0 0 0 0 

After AugPath:


0 0 0 0 0 34 0 0 0 0 25 0 0 0 0 
0 0 0 0 0 0 0 0 0 0 0 0 0 0 0 
0 0 0 0 0 0 0 0 0 0 0 0 0 0 0 
0 59 0 0 0 0 0 0 0 0 0 0 0 0 0 
0 0 0 0 0 0 0 0 0 0 0 0 0 0 0 
0 0 0 34 0 0 0 0 0 0 0 0 0 0 0 
0 0 0 0 0 0 0 0 0 0 0 0 0 0 0 
59 0 0 0 0 0 0 0 0 0 0 0 0 0 0 
0 0 0 0 0 0 0 0 0 0 0 0 0 0 0 
0 0 0 0 0 0 0 0 0 0 0 0 0 0 0 
0 0 0 25 0 0 0 0 0 0 0 0 0 0 0 
0 0 0 0 0 0 0 0 0 0 0 0 0 0 0 
0 0 0 0 0 0 0 0 0 0 0 0 0 0 0 
0 0 0 0 0 0 0 0 0 0 0 0 0 0 0 
0 0 0 0 0 0 0 0 0 0 0 0 0 0 0 
start: 43304960621724 end: 43304977964757 microseconds: 17343
Flow: 59
expected run time: 14415

*************************************************************************************************

