Graph: 
0 0 0 0 0 0 0 0 0 27 58 0 0 0 
0 0 0 60 30 0 0 0 0 0 0 0 0 0 
0 0 0 0 0 0 0 0 0 87 67 0 0 0 
0 0 0 0 41 0 0 0 0 0 0 53 0 0 
0 0 0 0 0 72 0 0 0 0 41 0 0 0 
0 0 0 45 0 0 36 0 0 0 0 0 0 0 
89 0 0 55 0 0 0 0 0 0 0 0 0 0 
0 48 0 0 0 62 0 0 0 0 0 0 0 0 
0 0 107 0 0 0 0 0 0 0 69 0 0 0 
0 40 0 0 0 0 0 0 0 0 0 0 69 0 
0 58 0 0 0 0 0 0 0 0 0 0 42 0 
0 0 0 0 0 0 0 56 86 0 0 0 0 0 
0 0 0 0 76 0 0 0 0 0 0 0 0 0 
0 0 65 0 0 0 0 0 0 0 0 0 0 0 

Number of Nodes:	14
Number of Edges:	26
*************************************************************************************************
After PreflowPush: 

0 0 0 0 0 0 -89 0 0 0 0 0 0 0 
0 0 0 2 30 0 0 0 0 0 -32 0 0 0 
0 0 0 0 0 0 0 0 0 0 0 0 0 0 
0 -2 0 0 2 -39 -14 0 0 0 0 53 0 0 
0 -30 0 -2 0 0 0 0 0 0 32 0 0 0 
0 0 0 39 0 0 14 -53 0 0 0 0 0 0 
89 0 0 14 0 -14 0 0 0 0 0 0 0 0 
0 0 0 0 0 53 0 0 0 0 0 -53 0 0 
0 0 0 0 0 0 0 0 0 0 0 0 0 0 
0 0 0 0 0 0 0 0 0 0 0 0 0 0 
0 32 0 0 -32 0 0 0 0 0 0 0 0 0 
0 0 0 -53 0 0 0 53 0 0 0 0 0 0 
0 0 0 0 0 0 0 0 0 0 0 0 0 0 
0 0 0 0 0 0 0 0 0 0 0 0 0 0 
start: 43906153483278 end: 43906166560744 microseconds: 13077
Flow: 89
expected run time: 17576

*************************************************************************************************

Augmenting Path

bot: 89
flow: 89
0 0 0 0 0 0 0 0 0 0 0 0 0 0 
0 0 0 0 0 0 0 0 0 0 0 0 0 0 
0 0 0 0 0 0 0 0 0 0 0 0 0 0 
0 0 0 0 0 0 0 0 0 0 0 0 0 0 
0 0 0 0 0 0 0 0 0 0 0 0 0 0 
0 0 0 0 0 0 0 0 0 0 0 0 0 0 
89 0 0 0 0 0 0 0 0 0 0 0 0 0 
0 0 0 0 0 0 0 0 0 0 0 0 0 0 
0 0 0 0 0 0 0 0 0 0 0 0 0 0 
0 0 0 0 0 0 0 0 0 0 0 0 0 0 
0 0 0 0 0 0 0 0 0 0 0 0 0 0 
0 0 0 0 0 0 0 0 0 0 0 0 0 0 
0 0 0 0 0 0 0 0 0 0 0 0 0 0 
0 0 0 0 0 0 0 0 0 0 0 0 0 0 

After AugPath:


0 0 0 0 0 0 0 0 0 0 0 0 0 0 
0 0 0 0 0 0 0 0 0 0 0 0 0 0 
0 0 0 0 0 0 0 0 0 0 0 0 0 0 
0 0 0 0 0 0 0 0 0 0 0 0 0 0 
0 0 0 0 0 0 0 0 0 0 0 0 0 0 
0 0 0 0 0 0 0 0 0 0 0 0 0 0 
89 0 0 0 0 0 0 0 0 0 0 0 0 0 
0 0 0 0 0 0 0 0 0 0 0 0 0 0 
0 0 0 0 0 0 0 0 0 0 0 0 0 0 
0 0 0 0 0 0 0 0 0 0 0 0 0 0 
0 0 0 0 0 0 0 0 0 0 0 0 0 0 
0 0 0 0 0 0 0 0 0 0 0 0 0 0 
0 0 0 0 0 0 0 0 0 0 0 0 0 0 
0 0 0 0 0 0 0 0 0 0 0 0 0 0 
start: 43906178044523 end: 43906197239176 microseconds: 19194
Flow: 89
expected run time: 9464

*************************************************************************************************

