Graph: 
0 0 0 0 0 0 107 0 0 0 68 0 0 0 
30 0 0 0 0 0 0 70 0 0 0 0 0 0 
0 0 0 30 0 0 0 0 0 0 0 55 0 71 
59 42 0 0 0 0 0 0 0 0 0 37 0 0 
0 26 0 0 0 57 0 0 0 108 0 0 0 0 
0 38 0 0 0 0 0 0 71 94 0 0 0 0 
0 90 76 0 0 0 0 0 0 0 0 105 0 0 
70 0 0 0 79 0 0 0 0 0 0 0 0 0 
78 0 0 61 0 0 0 0 0 0 0 0 0 0 
0 0 0 0 0 0 0 0 0 0 0 0 130 0 
0 0 0 74 0 0 0 0 0 0 0 0 0 0 
0 0 0 0 0 42 0 0 0 0 0 0 0 0 
0 0 94 0 0 0 37 0 0 0 0 0 0 0 
0 0 0 0 0 0 0 0 0 101 0 36 0 0 

Number of Nodes:	14
Number of Edges:	30
*************************************************************************************************
After PreflowPush: 

0 0 0 0 0 0 107 0 0 0 37 0 0 0 
0 0 0 0 0 -38 0 38 0 0 0 0 0 0 
0 0 0 0 0 0 0 0 0 0 0 0 0 0 
0 0 0 0 0 0 0 0 0 0 -37 37 0 0 
0 0 0 0 0 38 0 -38 0 0 0 0 0 0 
0 38 0 0 -38 0 0 0 0 37 0 -37 0 0 
-107 0 0 0 0 0 0 0 0 0 0 0 -37 0 
0 -38 0 0 38 0 0 0 0 0 0 0 0 0 
0 0 0 0 0 0 0 0 0 0 0 0 0 0 
0 0 0 0 0 -37 0 0 0 0 0 0 37 0 
-37 0 0 37 0 0 0 0 0 0 0 0 0 0 
0 0 0 -37 0 37 0 0 0 0 0 0 0 0 
0 0 0 0 0 0 37 0 0 -37 0 0 0 0 
0 0 0 0 0 0 0 0 0 0 0 0 0 0 
start: 43110989352145 end: 43110991602556 microseconds: 2250
Flow: 144
expected run time: 27000

*************************************************************************************************

Augmenting Path

bot: 107
flow: 107
0 0 0 0 0 0 107 0 0 0 0 0 0 0 
0 0 0 0 0 0 0 0 0 0 0 0 0 0 
0 0 0 0 0 0 0 0 0 0 0 0 0 0 
0 0 0 0 0 0 0 0 0 0 0 0 0 0 
0 0 0 0 0 0 0 0 0 0 0 0 0 0 
0 0 0 0 0 0 0 0 0 0 0 0 0 0 
0 0 0 0 0 0 0 0 0 0 0 0 0 0 
0 0 0 0 0 0 0 0 0 0 0 0 0 0 
0 0 0 0 0 0 0 0 0 0 0 0 0 0 
0 0 0 0 0 0 0 0 0 0 0 0 0 0 
0 0 0 0 0 0 0 0 0 0 0 0 0 0 
0 0 0 0 0 0 0 0 0 0 0 0 0 0 
0 0 0 0 0 0 0 0 0 0 0 0 0 0 
0 0 0 0 0 0 0 0 0 0 0 0 0 0 
bot: 37
flow: 144
0 0 0 0 0 0 107 0 0 0 37 0 0 0 
0 0 0 0 0 0 0 0 0 0 0 0 0 0 
0 0 0 0 0 0 0 0 0 0 0 0 0 0 
0 0 0 0 0 0 0 0 0 0 0 37 0 0 
0 0 0 0 0 0 0 0 0 0 0 0 0 0 
0 0 0 0 0 0 0 0 0 37 0 0 0 0 
0 0 0 0 0 0 0 0 0 0 0 0 0 0 
0 0 0 0 0 0 0 0 0 0 0 0 0 0 
0 0 0 0 0 0 0 0 0 0 0 0 0 0 
0 0 0 0 0 0 0 0 0 0 0 0 37 0 
0 0 0 37 0 0 0 0 0 0 0 0 0 0 
0 0 0 0 0 37 0 0 0 0 0 0 0 0 
0 0 0 0 0 0 37 0 0 0 0 0 0 0 
0 0 0 0 0 0 0 0 0 0 0 0 0 0 

After AugPath:


0 0 0 0 0 0 107 0 0 0 37 0 0 0 
0 0 0 0 0 0 0 0 0 0 0 0 0 0 
0 0 0 0 0 0 0 0 0 0 0 0 0 0 
0 0 0 0 0 0 0 0 0 0 0 37 0 0 
0 0 0 0 0 0 0 0 0 0 0 0 0 0 
0 0 0 0 0 0 0 0 0 37 0 0 0 0 
0 0 0 0 0 0 0 0 0 0 0 0 0 0 
0 0 0 0 0 0 0 0 0 0 0 0 0 0 
0 0 0 0 0 0 0 0 0 0 0 0 0 0 
0 0 0 0 0 0 0 0 0 0 0 0 37 0 
0 0 0 37 0 0 0 0 0 0 0 0 0 0 
0 0 0 0 0 37 0 0 0 0 0 0 0 0 
0 0 0 0 0 0 37 0 0 0 0 0 0 0 
0 0 0 0 0 0 0 0 0 0 0 0 0 0 
start: 43110996505494 end: 43111167129962 microseconds: 170624
Flow: 144
expected run time: 12600

*************************************************************************************************

