Graph: 
0 0 0 14 0 0 89 34 0 39 0 0 0 
0 0 95 0 75 0 0 0 102 0 0 0 0 
0 0 0 17 0 0 0 0 0 0 87 0 0 
0 85 0 0 92 0 0 0 0 0 92 0 0 
0 0 0 0 0 69 0 52 0 0 0 68 0 
0 0 77 0 0 0 0 44 90 0 0 0 0 
0 0 0 0 0 36 0 0 0 0 0 70 0 
0 55 0 0 0 0 0 0 0 0 0 0 0 
0 0 53 0 0 0 0 0 0 84 84 0 0 
0 0 0 0 0 0 0 0 0 0 99 64 73 
0 0 0 0 0 0 84 0 0 0 0 37 0 
0 0 0 0 0 62 0 60 0 0 0 0 0 
0 0 59 49 0 0 0 34 0 0 0 0 0 

Number of Nodes:	13
Number of Edges:	34
*************************************************************************************************
After PreflowPush: 

0 0 0 0 0 0 0 0 0 0 0 0 0 
0 0 0 -3 55 0 0 -55 3 0 0 0 0 
0 0 0 17 0 0 0 0 -47 0 30 0 0 
0 3 -17 0 14 0 0 0 0 0 0 0 0 
0 -55 0 -14 0 69 0 0 0 0 0 0 0 
0 0 0 0 -69 0 -36 0 0 0 0 -62 0 
0 0 0 0 0 36 0 0 0 0 -63 27 0 
0 55 0 0 0 0 0 0 0 0 0 -55 0 
0 -3 47 0 0 0 0 0 0 60 63 0 0 
0 0 0 0 0 0 0 0 -60 0 7 53 0 
0 0 -30 0 0 0 63 0 -63 -7 0 37 0 
0 0 0 0 0 62 -27 55 0 -53 -37 0 0 
0 0 0 0 0 0 0 0 0 0 0 0 0 
start: 43220647630810 end: 43220692700615 microseconds: 45069
Flow: 167
expected run time: 39304

*************************************************************************************************

Augmenting Path

bot: 62
flow: 62
0 0 0 0 0 0 0 0 0 0 0 0 0 
0 0 0 0 0 0 0 0 0 0 0 0 0 
0 0 0 0 0 0 0 0 0 0 0 0 0 
0 0 0 0 0 0 0 0 0 0 0 0 0 
0 0 0 0 0 0 0 0 0 0 0 0 0 
0 0 0 0 0 0 0 0 0 0 0 0 0 
0 0 0 0 0 0 0 0 0 0 0 0 0 
0 0 0 0 0 0 0 0 0 0 0 0 0 
0 0 0 0 0 0 0 0 0 62 0 0 0 
0 0 0 0 0 0 0 0 0 0 0 62 0 
0 0 0 0 0 0 0 0 0 0 0 0 0 
0 0 0 0 0 62 0 0 0 0 0 0 0 
0 0 0 0 0 0 0 0 0 0 0 0 0 
bot: 36
flow: 98
0 0 0 0 0 0 0 0 0 0 0 0 0 
0 0 0 0 0 0 0 0 0 0 0 0 0 
0 0 0 0 0 0 0 0 0 0 0 0 0 
0 0 0 0 0 0 0 0 0 0 0 0 0 
0 0 0 0 0 0 0 0 0 0 0 0 0 
0 0 0 0 0 0 0 0 0 0 0 0 0 
0 0 0 0 0 36 0 0 0 0 0 0 0 
0 0 0 0 0 0 0 0 0 0 0 0 0 
0 0 0 0 0 0 0 0 0 62 36 0 0 
0 0 0 0 0 0 0 0 0 0 0 62 0 
0 0 0 0 0 0 36 0 0 0 0 0 0 
0 0 0 0 0 62 0 0 0 0 0 0 0 
0 0 0 0 0 0 0 0 0 0 0 0 0 
bot: 17
flow: 115
0 0 0 0 0 0 0 0 0 0 0 0 0 
0 0 0 0 0 0 0 0 0 0 0 0 0 
0 0 0 17 0 0 0 0 0 0 0 0 0 
0 0 0 0 17 0 0 0 0 0 0 0 0 
0 0 0 0 0 17 0 0 0 0 0 0 0 
0 0 0 0 0 0 0 0 0 0 0 0 0 
0 0 0 0 0 36 0 0 0 0 0 0 0 
0 0 0 0 0 0 0 0 0 0 0 0 0 
0 0 17 0 0 0 0 0 0 62 36 0 0 
0 0 0 0 0 0 0 0 0 0 0 62 0 
0 0 0 0 0 0 36 0 0 0 0 0 0 
0 0 0 0 0 62 0 0 0 0 0 0 0 
0 0 0 0 0 0 0 0 0 0 0 0 0 
bot: 22
flow: 137
0 0 0 0 0 0 0 0 0 0 0 0 0 
0 0 0 0 0 0 0 0 0 0 0 0 0 
0 0 0 17 0 0 0 0 0 0 0 0 0 
0 0 0 0 39 0 0 0 0 0 0 0 0 
0 0 0 0 0 39 0 0 0 0 0 0 0 
0 0 0 0 0 0 0 0 0 0 0 0 0 
0 0 0 0 0 36 0 0 0 0 0 0 0 
0 0 0 0 0 0 0 0 0 0 0 0 0 
0 0 17 0 0 0 0 0 0 84 36 0 0 
0 0 0 0 0 0 0 0 0 0 0 62 22 
0 0 0 0 0 0 36 0 0 0 0 0 0 
0 0 0 0 0 62 0 0 0 0 0 0 0 
0 0 0 22 0 0 0 0 0 0 0 0 0 
bot: 30
flow: 167
0 0 0 0 0 0 0 0 0 0 0 0 0 
0 0 0 0 30 0 0 0 0 0 0 0 0 
0 0 0 17 0 0 0 0 0 0 0 0 0 
0 0 0 0 39 0 0 0 0 0 0 0 0 
0 0 0 0 0 69 0 0 0 0 0 0 0 
0 0 0 0 0 0 0 0 0 0 0 0 0 
0 0 0 0 0 36 0 0 0 0 0 0 0 
0 30 0 0 0 0 0 0 0 0 0 0 0 
0 0 17 0 0 0 0 0 0 84 66 0 0 
0 0 0 0 0 0 0 0 0 0 0 62 22 
0 0 0 0 0 0 36 0 0 0 0 30 0 
0 0 0 0 0 62 0 30 0 0 0 0 0 
0 0 0 22 0 0 0 0 0 0 0 0 0 

After AugPath:


0 0 0 0 0 0 0 0 0 0 0 0 0 
0 0 0 0 30 0 0 0 0 0 0 0 0 
0 0 0 17 0 0 0 0 0 0 0 0 0 
0 0 0 0 39 0 0 0 0 0 0 0 0 
0 0 0 0 0 69 0 0 0 0 0 0 0 
0 0 0 0 0 0 0 0 0 0 0 0 0 
0 0 0 0 0 36 0 0 0 0 0 0 0 
0 30 0 0 0 0 0 0 0 0 0 0 0 
0 0 17 0 0 0 0 0 0 84 66 0 0 
0 0 0 0 0 0 0 0 0 0 0 62 22 
0 0 0 0 0 0 36 0 0 0 0 30 0 
0 0 0 0 0 62 0 30 0 0 0 0 0 
0 0 0 22 0 0 0 0 0 0 0 0 0 
start: 43220696785441 end: 43220728778238 microseconds: 31992
Flow: 167
expected run time: 15028

*************************************************************************************************

