Graph: 
0 76 0 0 0 39 46 0 0 0 0 0 
0 0 0 75 0 67 0 39 0 0 0 0 
64 44 0 61 0 0 0 0 0 0 0 0 
0 0 0 0 0 43 0 99 0 0 0 0 
0 0 0 0 0 50 35 0 0 0 0 0 
0 0 55 0 0 0 0 74 0 0 0 0 
0 58 40 0 0 0 0 0 0 0 0 0 
0 0 0 0 0 0 0 0 0 0 82 0 
0 0 0 0 0 0 0 51 0 49 0 0 
0 0 0 76 0 0 0 34 0 0 0 0 
0 0 33 0 0 0 0 0 48 0 0 0 
0 0 0 0 0 0 42 0 40 0 0 0 

Number of Nodes:	12
Number of Edges:	26
*************************************************************************************************
After PreflowPush: 

0 32 -59 0 0 0 27 0 0 0 0 0 
-32 0 0 59 0 0 -27 0 0 0 0 0 
59 0 0 0 0 -26 0 0 0 0 -33 0 
0 -59 0 0 0 28 0 31 0 0 0 0 
0 0 0 0 0 0 0 0 0 0 0 0 
0 0 26 -28 0 0 0 2 0 0 0 0 
-27 27 0 0 0 0 0 0 0 0 0 0 
0 0 0 -31 0 -2 0 0 -48 0 81 0 
0 0 0 0 0 0 0 48 0 0 -48 0 
0 0 0 0 0 0 0 0 0 0 0 0 
0 0 33 0 0 0 0 -81 48 0 0 0 
0 0 0 0 0 0 0 0 0 0 0 0 
start: 43173221829684 end: 43173293440077 microseconds: 71610
Flow: 0
expected run time: 17576

*************************************************************************************************

Augmenting Path


After AugPath:


0 0 0 0 0 0 0 0 0 0 0 0 
0 0 0 0 0 0 0 0 0 0 0 0 
0 0 0 0 0 0 0 0 0 0 0 0 
0 0 0 0 0 0 0 0 0 0 0 0 
0 0 0 0 0 0 0 0 0 0 0 0 
0 0 0 0 0 0 0 0 0 0 0 0 
0 0 0 0 0 0 0 0 0 0 0 0 
0 0 0 0 0 0 0 0 0 0 0 0 
0 0 0 0 0 0 0 0 0 0 0 0 
0 0 0 0 0 0 0 0 0 0 0 0 
0 0 0 0 0 0 0 0 0 0 0 0 
0 0 0 0 0 0 0 0 0 0 0 0 
start: 43173297149208 end: 43173302868095 microseconds: 5718
Flow: 0
expected run time: 8112

*************************************************************************************************

