Graph: 
0 50 0 0 0 0 0 110 93 0 0 
0 0 59 0 0 68 35 0 0 0 0 
88 0 0 0 0 0 91 0 0 0 0 
0 0 55 0 58 0 0 0 0 0 0 
0 0 0 0 0 0 82 15 0 0 0 
0 0 0 0 0 0 70 0 0 81 0 
0 0 0 64 0 0 0 0 46 0 0 
0 0 0 0 0 60 0 0 0 0 0 
0 52 0 0 0 51 0 0 0 0 0 
0 0 0 0 0 0 0 0 49 0 0 
0 0 0 75 74 0 0 0 0 0 0 

Number of Nodes:	11
Number of Edges:	22
*************************************************************************************************
After PreflowPush: 

0 0 -88 0 0 0 0 88 0 0 0 
0 0 43 0 0 3 0 0 -46 0 0 
88 -43 0 -45 0 0 0 0 0 0 0 
0 0 45 0 58 0 0 0 0 0 0 
0 0 0 -58 0 0 43 15 0 0 0 
0 -3 0 0 0 0 3 0 0 0 0 
0 0 0 0 -43 -3 0 0 46 0 0 
-88 0 0 0 -15 0 0 0 0 0 0 
0 46 0 0 0 0 -46 0 0 0 0 
0 0 0 0 0 0 0 0 0 0 0 
0 0 0 0 0 0 0 0 0 0 0 
start: 42803229789828 end: 42803238405055 microseconds: 8615
Flow: 103
expected run time: 10648

*************************************************************************************************

Augmenting Path

bot: 15
flow: 15
0 0 0 0 0 0 0 0 0 0 0 
0 0 0 0 0 0 0 0 0 0 0 
0 0 0 0 0 0 0 0 0 0 0 
0 0 0 0 15 0 0 0 0 0 0 
0 0 0 0 0 0 0 15 0 0 0 
0 0 0 0 0 0 0 0 0 0 0 
0 0 0 0 0 0 0 0 0 0 0 
0 0 0 0 0 0 0 0 0 0 0 
0 0 0 0 0 0 0 0 0 0 0 
0 0 0 0 0 0 0 0 0 0 0 
0 0 0 0 0 0 0 0 0 0 0 
bot: 55
flow: 70
0 0 0 0 0 0 0 55 0 0 0 
0 0 0 0 0 0 0 0 0 0 0 
55 0 0 0 0 0 0 0 0 0 0 
0 0 55 0 15 0 0 0 0 0 0 
0 0 0 0 0 0 0 15 0 0 0 
0 0 0 0 0 0 0 0 0 0 0 
0 0 0 0 0 0 0 0 0 0 0 
0 0 0 0 0 0 0 0 0 0 0 
0 0 0 0 0 0 0 0 0 0 0 
0 0 0 0 0 0 0 0 0 0 0 
0 0 0 0 0 0 0 0 0 0 0 
bot: 33
flow: 103
0 0 0 0 0 0 0 88 0 0 0 
0 0 33 0 0 0 0 0 0 0 0 
88 0 0 0 0 0 0 0 0 0 0 
0 0 55 0 48 0 0 0 0 0 0 
0 0 0 0 0 0 33 15 0 0 0 
0 0 0 0 0 0 0 0 0 0 0 
0 0 0 0 0 0 0 0 33 0 0 
0 0 0 0 0 0 0 0 0 0 0 
0 33 0 0 0 0 0 0 0 0 0 
0 0 0 0 0 0 0 0 0 0 0 
0 0 0 0 0 0 0 0 0 0 0 

After AugPath:


0 0 0 0 0 0 0 88 0 0 0 
0 0 33 0 0 0 0 0 0 0 0 
88 0 0 0 0 0 0 0 0 0 0 
0 0 55 0 48 0 0 0 0 0 0 
0 0 0 0 0 0 33 15 0 0 0 
0 0 0 0 0 0 0 0 0 0 0 
0 0 0 0 0 0 0 0 33 0 0 
0 0 0 0 0 0 0 0 0 0 0 
0 33 0 0 0 0 0 0 0 0 0 
0 0 0 0 0 0 0 0 0 0 0 
0 0 0 0 0 0 0 0 0 0 0 
start: 42803241055790 end: 42803261184222 microseconds: 2012
Flow: 103
expected run time: 5324

*************************************************************************************************

